%YAML:1.0
---
cameraMatrix: !!opencv-matrix
   rows: 3
   cols: 3
   dt: d
   data: [ 6.8961946975061410e+03, 0., 8.1794238076681359e+02, 0.,
       6.9056855714939402e+03, 6.4725435864718315e+02, 0., 0., 1. ]
distCoeffs: !!opencv-matrix
   rows: 1
   cols: 5
   dt: d
   data: [ -4.3310791557804835e+00, 1.9490830415078861e+02,
       1.3248244519118586e-02, -4.1136374142808005e-03,
       2.6169143756827032e+02 ]
rvecsMat:
   - !!opencv-matrix
      rows: 3
      cols: 1
      dt: d
      data: [ 2.1801524492643831e+00, -2.2378005618020298e+00,
          -2.4381066392173091e-03 ]
   - !!opencv-matrix
      rows: 3
      cols: 1
      dt: d
      data: [ 2.1872902236913356e+00, -2.2573801111382248e+00,
          -3.0274352488406858e-02 ]
   - !!opencv-matrix
      rows: 3
      cols: 1
      dt: d
      data: [ 2.7835209556881177e+00, -1.4798897340196155e+00,
          -1.5845813247856649e-02 ]
   - !!opencv-matrix
      rows: 3
      cols: 1
      dt: d
      data: [ -2.1009640019111879e+00, 2.1960624327349212e+00,
          -8.0649240629189753e-02 ]
   - !!opencv-matrix
      rows: 3
      cols: 1
      dt: d
      data: [ -2.7681042732038112e+00, 1.2662843834072841e+00,
          -1.8495812911951653e-01 ]
   - !!opencv-matrix
      rows: 3
      cols: 1
      dt: d
      data: [ -2.2211481315303137e+00, 2.1548522490968463e+00,
          9.3096736677169722e-02 ]
   - !!opencv-matrix
      rows: 3
      cols: 1
      dt: d
      data: [ -2.6586133828885044e+00, 1.4108247782769798e+00,
          1.3674055322953485e-01 ]
   - !!opencv-matrix
      rows: 3
      cols: 1
      dt: d
      data: [ -2.3360378785872911e+00, 2.3244693630659095e+00,
          -1.1828914164607960e-02 ]
   - !!opencv-matrix
      rows: 3
      cols: 1
      dt: d
      data: [ -2.9615471125730295e+00, -7.1055182862644461e-01,
          1.2326209589394618e-02 ]
   - !!opencv-matrix
      rows: 3
      cols: 1
      dt: d
      data: [ -2.2398747039471796e+00, -2.1099471113135175e+00,
          -7.5852006786008563e-02 ]
   - !!opencv-matrix
      rows: 3
      cols: 1
      dt: d
      data: [ -1.0408590657494892e+00, -2.8775634434843971e+00,
          -1.5784126388946312e-01 ]
   - !!opencv-matrix
      rows: 3
      cols: 1
      dt: d
      data: [ 1.5894948436166771e+00, 2.4096863634888215e+00,
          -7.1260268546741348e-02 ]
   - !!opencv-matrix
      rows: 3
      cols: 1
      dt: d
      data: [ 1.4874789965297508e-01, -3.1077307475033651e+00,
          -3.3349967654427337e-01 ]
   - !!opencv-matrix
      rows: 3
      cols: 1
      dt: d
      data: [ 2.1677030661375576e+00, 2.3286074814990827e+00,
          -6.9451968847362849e-02 ]
   - !!opencv-matrix
      rows: 3
      cols: 1
      dt: d
      data: [ 2.2701170117899405e+00, 2.2048346734860500e+00,
          -1.4354275814203864e-02 ]
   - !!opencv-matrix
      rows: 3
      cols: 1
      dt: d
      data: [ 2.5770648773120963e+00, 1.8041078733530973e+00,
          -1.0678319061721260e-02 ]
   - !!opencv-matrix
      rows: 3
      cols: 1
      dt: d
      data: [ 2.5253048398430660e+00, 1.8827329472339722e+00,
          8.4114059712431466e-02 ]
   - !!opencv-matrix
      rows: 3
      cols: 1
      dt: d
      data: [ 2.1645409814606467e+00, 2.2483859705992026e+00,
          2.3619918759265571e-01 ]
   - !!opencv-matrix
      rows: 3
      cols: 1
      dt: d
      data: [ 1.6855368129222432e+00, 2.3724758543794113e+00,
          -1.5359310416582521e-02 ]
   - !!opencv-matrix
      rows: 3
      cols: 1
      dt: d
      data: [ -1.1241775293572922e+00, -2.9214446137775032e+00,
          -3.3852587784087625e-02 ]
   - !!opencv-matrix
      rows: 3
      cols: 1
      dt: d
      data: [ 1.2199892178671707e+00, 2.9287820977158039e+00,
          1.9782757616364530e-01 ]
   - !!opencv-matrix
      rows: 3
      cols: 1
      dt: d
      data: [ 2.5918014110219443e+00, 1.9631586006168258e+00,
          -2.8887890751755901e-01 ]
   - !!opencv-matrix
      rows: 3
      cols: 1
      dt: d
      data: [ -3.0973325658055306e+00, 5.0625499072819202e-01,
          -9.6203176159345483e-02 ]
tvecsMat:
   - !!opencv-matrix
      rows: 3
      cols: 1
      dt: d
      data: [ 2.0017532940717540e+01, -2.6856259548913961e+01,
          3.9010206090585530e+03 ]
   - !!opencv-matrix
      rows: 3
      cols: 1
      dt: d
      data: [ -1.3525163382383292e+02, -3.1591799334034867e+01,
          3.9071595089659859e+03 ]
   - !!opencv-matrix
      rows: 3
      cols: 1
      dt: d
      data: [ -1.6479231898727255e+02, 1.3963610977474024e+01,
          3.9084569194928495e+03 ]
   - !!opencv-matrix
      rows: 3
      cols: 1
      dt: d
      data: [ -2.6062415428175024e+02, -1.6769423676087932e+01,
          3.9175030020239860e+03 ]
   - !!opencv-matrix
      rows: 3
      cols: 1
      dt: d
      data: [ -3.2280004576271455e+02, -9.4831580729039699e-01,
          3.9192053059848777e+03 ]
   - !!opencv-matrix
      rows: 3
      cols: 1
      dt: d
      data: [ 1.7647569538095934e+02, -3.1655368762194055e+01,
          3.8998861716607230e+03 ]
   - !!opencv-matrix
      rows: 3
      cols: 1
      dt: d
      data: [ 2.2784366295332404e+02, -8.2743711068330565e+00,
          3.8986180103198503e+03 ]
   - !!opencv-matrix
      rows: 3
      cols: 1
      dt: d
      data: [ 3.5493281790278968e+02, -3.5641463560074044e+01,
          3.8362476664447031e+03 ]
   - !!opencv-matrix
      rows: 3
      cols: 1
      dt: d
      data: [ 1.3452295775412466e+02, 1.7290897546800664e+02,
          3.8941057763948756e+03 ]
   - !!opencv-matrix
      rows: 3
      cols: 1
      dt: d
      data: [ -1.0215261261825574e+02, 6.7405207593428599e+01,
          3.9080967167933190e+03 ]
   - !!opencv-matrix
      rows: 3
      cols: 1
      dt: d
      data: [ -2.4416304437260726e+02, 3.6162106823385940e+01,
          3.9075282552209410e+03 ]
   - !!opencv-matrix
      rows: 3
      cols: 1
      dt: d
      data: [ -3.6715161209533289e+02, 5.0448588012500402e+01,
          3.9183203573465653e+03 ]
   - !!opencv-matrix
      rows: 3
      cols: 1
      dt: d
      data: [ 3.3386733437194584e+02, -3.2367594270789363e+02,
          3.8361267387760936e+03 ]
   - !!opencv-matrix
      rows: 3
      cols: 1
      dt: d
      data: [ 2.8677456370252468e+01, -3.3259348820881149e+02,
          3.8990037601963022e+03 ]
   - !!opencv-matrix
      rows: 3
      cols: 1
      dt: d
      data: [ -7.9688540523167219e+01, -3.1976683171298464e+02,
          3.9026643698681778e+03 ]
   - !!opencv-matrix
      rows: 3
      cols: 1
      dt: d
      data: [ -2.2084765403158457e+02, -2.7883874600450599e+02,
          3.9093554196031464e+03 ]
   - !!opencv-matrix
      rows: 3
      cols: 1
      dt: d
      data: [ -3.5426985654805469e+02, -2.5621369115113913e+02,
          3.9065553559668583e+03 ]
   - !!opencv-matrix
      rows: 3
      cols: 1
      dt: d
      data: [ -3.9042007732467187e+02, -2.7265337398497843e+02,
          3.8979725246844782e+03 ]
   - !!opencv-matrix
      rows: 3
      cols: 1
      dt: d
      data: [ -3.8949850867664327e+02, -3.0428269367840461e+01,
          3.8864667738448416e+03 ]
   - !!opencv-matrix
      rows: 3
      cols: 1
      dt: d
      data: [ -2.0935592798928795e+02, -1.8430684233770586e+02,
          3.9037252564403752e+03 ]
   - !!opencv-matrix
      rows: 3
      cols: 1
      dt: d
      data: [ 1.5423543499826829e+02, 6.6743436012115041e+01,
          3.9014626770716982e+03 ]
   - !!opencv-matrix
      rows: 3
      cols: 1
      dt: d
      data: [ 2.6190804564478822e+02, 1.1075759627541987e+02,
          3.9110015257200002e+03 ]
   - !!opencv-matrix
      rows: 3
      cols: 1
      dt: d
      data: [ -3.6860053984943164e+02, 1.1198182931214506e+00,
          3.9076084846851822e+03 ]
RMatrix:
   - !!opencv-matrix
      rows: 3
      cols: 3
      dt: d
      data: [ -2.6016037993821017e-02, -9.9957004387854309e-01,
          -1.3523799309028733e-02, -9.9959713943778161e-01,
          2.6165522413856279e-02, -1.0996556943594998e-02,
          1.1345686180563041e-02, 1.3232264260389988e-02,
          -9.9984807975393708e-01 ]
   - !!opencv-matrix
      rows: 3
      cols: 3
      dt: d
      data: [ -3.1620002857748686e-02, -9.9942659228861586e-01,
          -1.2110410630574749e-02, -9.9939191220387502e-01,
          3.1436107353950637e-02, 1.5085654639866759e-02,
          -1.4696300240481809e-02, 1.2580054880487830e-02,
          -9.9981286297909044e-01 ]
   - !!opencv-matrix
      rows: 3
      cols: 3
      dt: d
      data: [ 5.5922915229611492e-01, -8.2900463301048100e-01,
          -3.7514889479258948e-03, -8.2889489405042815e-01,
          -5.5922009664028438e-01, 1.4357511301078846e-02,
          -1.4000351399098779e-02, -4.9195488399618277e-03,
          -9.9988988803763434e-01 ]
   - !!opencv-matrix
      rows: 3
      cols: 3
      dt: d
      data: [ -4.2233791069991145e-02, -9.9307468735806304e-01,
          1.0963107324359160e-01, -9.9844104309563375e-01,
          4.5958744284660957e-02, 3.1674552654775569e-02,
          -3.6493702935702907e-02, -1.0812242668596819e-01,
          -9.9346753872161231e-01 ]
   - !!opencv-matrix
      rows: 3
      cols: 3
      dt: d
      data: [ 6.4855734206248195e-01, -7.4663623385346001e-01,
          1.4801252769266257e-01, -7.5777865809958733e-01,
          -6.5167066699843557e-01, 3.3118682078293715e-02,
          7.1727814588474548e-02, -1.3364009903818433e-01,
          -9.8843079906659415e-01 ]
   - !!opencv-matrix
      rows: 3
      cols: 3
      dt: d
      data: [ 2.9864364149841061e-02, -9.9948850852197546e-01,
          -1.1438578864627638e-02, -9.9675084571812389e-01,
          -3.0635096584832988e-02, 7.4493237394024719e-02,
          -7.4805556706238341e-02, 9.1767199888953335e-03,
          -9.9715591383500068e-01 ]
   - !!opencv-matrix
      rows: 3
      cols: 3
      dt: d
      data: [ 5.5916368378298997e-01, -8.2882428629875227e-01,
          -1.9653935473607526e-02, -8.1717168704940657e-01,
          -5.5499224631256783e-01, 1.5560861292922362e-01,
          -1.3987997935038224e-01, -7.0950045625738062e-02,
          -9.8762324922140343e-01 ]
   - !!opencv-matrix
      rows: 3
      cols: 3
      dt: d
      data: [ 1.0833016514158134e-02, -9.9461445259170111e-01,
          -1.0307636222197016e-01, -9.9351388321963330e-01,
          9.6291695930617038e-04, -1.1370680120720367e-01,
          1.1319368181594337e-01, 1.0363958455455283e-01,
          -9.8815283580542879e-01 ]
   - !!opencv-matrix
      rows: 3
      cols: 3
      dt: d
      data: [ 8.9135731070353796e-01, 4.5229364458062160e-01,
          -3.0209331792270127e-02, 4.5306929766246196e-01,
          -8.8678808990024804e-01, 9.1296742147313786e-02,
          1.4503660606915738e-02, -9.5064939294400047e-02,
          -9.9536541086474950e-01 ]
   - !!opencv-matrix
      rows: 3
      cols: 3
      dt: d
      data: [ 5.9990675746931954e-02, 9.9816947812887435e-01,
          -7.6688822756101477e-03, 9.9504209837175805e-01,
          -5.9188662485668453e-02, 7.9924493749326683e-02,
          7.9324279330826475e-02, -1.2425585100442671e-02,
          -9.9677141990707008e-01 ]
   - !!opencv-matrix
      rows: 3
      cols: 3
      dt: d
      data: [ -7.6655874490983300e-01, 6.4106291587646802e-01,
          -3.7762792404986277e-02, 6.3308651338240174e-01,
          7.6426100014755560e-01, 1.2290886960172058e-01,
          1.0765294782575888e-01, 7.0309754240925046e-02,
          -9.9169923932763260e-01 ]
   - !!opencv-matrix
      rows: 3
      cols: 3
      dt: d
      data: [ -3.7162846495022850e-01, 9.1017418485958634e-01,
          1.8296239300447517e-01, 8.9777180174222493e-01,
          4.0251628017302443e-01, -1.7884752218633021e-01,
          -2.3642773956381632e-01, 9.7793647088438976e-02,
          -9.6671522515882935e-01 ]
   - !!opencv-matrix
      rows: 3
      cols: 3
      dt: d
      data: [ -9.9540279462285108e-01, -9.3090062781682734e-02,
          -2.2528130599774113e-02, -9.5750482183002625e-02,
          9.7276311497803325e-01, 2.1110131998629478e-01,
          2.2630993660479395e-03, 2.1228792323054058e-01,
          -9.7720454155295633e-01 ]
   - !!opencv-matrix
      rows: 3
      cols: 3
      dt: d
      data: [ -7.1481449300332067e-02, 9.9567140795842468e-01,
          -5.9404122584316502e-02, 9.9744192847466395e-01,
          7.1352084117488834e-02, -4.2987687579558280e-03,
          -4.1553190159800829e-05, -5.9559444810871651e-02,
          -9.9822475966445212e-01 ]
   - !!opencv-matrix
      rows: 3
      cols: 3
      dt: d
      data: [ 2.9278292282865936e-02, 9.9931665689069638e-01,
          -2.2561047444676335e-02, 9.9952569753659470e-01,
          -2.9053903782785384e-02, 1.0210320218498678e-02,
          9.5478565648371046e-03, -2.2849287423955179e-02,
          -9.9969332722552207e-01 ]
   - !!opencv-matrix
      rows: 3
      cols: 3
      dt: d
      data: [ 3.4218984691903498e-01, 9.3959690122440920e-01,
          -7.9857294604221592e-03, 9.3962559923416711e-01,
          -3.4220395671050263e-01, -4.3043641671983894e-04,
          -3.1371849419001884e-03, -7.3563048580253722e-03,
          -9.9996802091340709e-01 ]
   - !!opencv-matrix
      rows: 3
      cols: 3
      dt: d
      data: [ 2.8457908276516786e-01, 9.5793233671468581e-01,
          3.7153518391630384e-02, 9.5742906624068136e-01,
          -2.8595978460014060e-01, 3.9453576630489935e-02,
          4.8418268969805132e-02, 2.4344195771944570e-02,
          -9.9853043587172885e-01 ]
   - !!opencv-matrix
      rows: 3
      cols: 3
      dt: d
      data: [ -4.3429034138780409e-02, 9.9267092980587335e-01,
          1.1277563616364734e-01, 9.9443583644852840e-01,
          3.2107730326034423e-02, 1.0033175389788769e-01,
          9.5975445717580862e-02, 1.1650544524464664e-01,
          -9.8854195411609025e-01 ]
   - !!opencv-matrix
      rows: 3
      cols: 3
      dt: d
      data: [ -3.1145138603688427e-01, 9.3289760369410724e-01,
          1.8083167631113800e-01, 9.3047811206548903e-01,
          3.3802294378644804e-01, -1.4124791128008679e-01,
          -1.9289509351651973e-01, 1.2426805903262740e-01,
          -9.7331851539026859e-01 ]
   - !!opencv-matrix
      rows: 3
      cols: 3
      dt: d
      data: [ -7.4202638051205350e-01, 6.7036553977423674e-01,
          -2.6255870538655435e-03, 6.7012469963029142e-01,
          7.4185450797777475e-01, 2.4182140899136798e-02,
          1.8158677528744723e-02, 1.6184315748594150e-02,
          -9.9970412140500697e-01 ]
   - !!opencv-matrix
      rows: 3
      cols: 3
      dt: d
      data: [ -7.0483366234238443e-01, 7.0924595133477586e-01,
          1.3404810489162443e-02, 7.0460618379242212e-01,
          6.9778581425666686e-01, 1.2893829215419267e-01,
          8.2095275080245139e-02, 1.0032516103844133e-01,
          -9.9156201413331158e-01 ]
   - !!opencv-matrix
      rows: 3
      cols: 3
      dt: d
      data: [ 2.6368586563662832e-01, 9.4067200718275101e-01,
          -2.1355547093492241e-01, 9.6231574722876978e-01,
          -2.7178692873979349e-01, -8.9592411355406826e-03,
          -6.6469292902786109e-02, -2.0314536733325939e-01,
          -9.7688985706272879e-01 ]
   - !!opencv-matrix
      rows: 3
      cols: 3
      dt: d
      data: [ 9.4613074586761503e-01, -3.1804067857986296e-01,
          6.0718518529784292e-02, -3.1814394985848393e-01,
          -9.4800680368011880e-01, -8.2175023363066316e-03,
          6.0175068694883448e-02, -1.1542397700002463e-02,
          -9.9812110195251413e-01 ]
