%YAML:1.0
---
cameraMatrix: !!opencv-matrix
   rows: 3
   cols: 3
   dt: d
   data: [ 6.8961946975061410e+03, 0., 8.1794238076681359e+02, 0.,
       6.9056855714939402e+03, 6.4725435864718315e+02, 0., 0., 1. ]
distCoeffs: !!opencv-matrix
   rows: 1
   cols: 5
   dt: d
   data: [ -4.3310791557804835e+00, 1.9490830415078861e+02,
       1.3248244519118586e-02, -4.1136374142808005e-03,
       2.6169143756827032e+02 ]
rvecsMat:
   - !!opencv-matrix
      rows: 3
      cols: 1
      dt: d
      data: [ 2.1801524492643831e+00, -2.2378005618020298e+00,
          -2.4381066392173091e-03 ]
   - !!opencv-matrix
      rows: 3
      cols: 1
      dt: d
      data: [ 2.1872902236913356e+00, -2.2573801111382248e+00,
          -3.0274352488406858e-02 ]
   - !!opencv-matrix
      rows: 3
      cols: 1
      dt: d
      data: [ 2.7835209556881177e+00, -1.4798897340196155e+00,
          -1.5845813247856649e-02 ]
   - !!opencv-matrix
      rows: 3
      cols: 1
      dt: d
      data: [ -2.1009640019111879e+00, 2.1960624327349212e+00,
          -8.0649240629189753e-02 ]
   - !!opencv-matrix
      rows: 3
      cols: 1
      dt: d
      data: [ -2.7681042732038112e+00, 1.2662843834072841e+00,
          -1.8495812911951653e-01 ]
   - !!opencv-matrix
      rows: 3
      cols: 1
      dt: d
      data: [ -2.2211481315303137e+00, 2.1548522490968463e+00,
          9.3096736677169722e-02 ]
   - !!opencv-matrix
      rows: 3
      cols: 1
      dt: d
      data: [ -2.6586133828885044e+00, 1.4108247782769798e+00,
          1.3674055322953485e-01 ]
   - !!opencv-matrix
      rows: 3
      cols: 1
      dt: d
      data: [ -2.3360378785872911e+00, 2.3244693630659095e+00,
          -1.1828914164607960e-02 ]
   - !!opencv-matrix
      rows: 3
      cols: 1
      dt: d
      data: [ -2.9615471125730295e+00, -7.1055182862644461e-01,
          1.2326209589394618e-02 ]
   - !!opencv-matrix
      rows: 3
      cols: 1
      dt: d
      data: [ -2.2398747039471796e+00, -2.1099471113135175e+00,
          -7.5852006786008563e-02 ]
   - !!opencv-matrix
      rows: 3
      cols: 1
      dt: d
      data: [ -1.0408590657494892e+00, -2.8775634434843971e+00,
          -1.5784126388946312e-01 ]
   - !!opencv-matrix
      rows: 3
      cols: 1
      dt: d
      data: [ 1.5894948436166771e+00, 2.4096863634888215e+00,
          -7.1260268546741348e-02 ]
   - !!opencv-matrix
      rows: 3
      cols: 1
      dt: d
      data: [ 1.4874789965297508e-01, -3.1077307475033651e+00,
          -3.3349967654427337e-01 ]
   - !!opencv-matrix
      rows: 3
      cols: 1
      dt: d
      data: [ 2.1677030661375576e+00, 2.3286074814990827e+00,
          -6.9451968847362849e-02 ]
   - !!opencv-matrix
      rows: 3
      cols: 1
      dt: d
      data: [ 2.2701170117899405e+00, 2.2048346734860500e+00,
          -1.4354275814203864e-02 ]
   - !!opencv-matrix
      rows: 3
      cols: 1
      dt: d
      data: [ 2.5770648773120963e+00, 1.8041078733530973e+00,
          -1.0678319061721260e-02 ]
   - !!opencv-matrix
      rows: 3
      cols: 1
      dt: d
      data: [ 2.5253048398430660e+00, 1.8827329472339722e+00,
          8.4114059712431466e-02 ]
   - !!opencv-matrix
      rows: 3
      cols: 1
      dt: d
      data: [ 2.1645409814606467e+00, 2.2483859705992026e+00,
          2.3619918759265571e-01 ]
   - !!opencv-matrix
      rows: 3
      cols: 1
      dt: d
      data: [ 1.6855368129222432e+00, 2.3724758543794113e+00,
          -1.5359310416582521e-02 ]
   - !!opencv-matrix
      rows: 3
      cols: 1
      dt: d
      data: [ -1.1241775293572922e+00, -2.9214446137775032e+00,
          -3.3852587784087625e-02 ]
   - !!opencv-matrix
      rows: 3
      cols: 1
      dt: d
      data: [ 1.2199892178671707e+00, 2.9287820977158039e+00,
          1.9782757616364530e-01 ]
   - !!opencv-matrix
      rows: 3
      cols: 1
      dt: d
      data: [ 2.5918014110219443e+00, 1.9631586006168258e+00,
          -2.8887890751755901e-01 ]
   - !!opencv-matrix
      rows: 3
      cols: 1
      dt: d
      data: [ -3.0973325658055306e+00, 5.0625499072819202e-01,
          -9.6203176159345483e-02 ]
tvecsMat:
   - !!opencv-matrix
      rows: 3
      cols: 1
      dt: d
      data: [ 2.0017532940717540e+01, -2.6856259548913961e+01,
          3.9010206090585530e+03 ]
   - !!opencv-matrix
      rows: 3
      cols: 1
      dt: d
      data: [ -1.3525163382383292e+02, -3.1591799334034867e+01,
          3.9071595089659859e+03 ]
   - !!opencv-matrix
      rows: 3
      cols: 1
      dt: d
      data: [ -1.6479231898727255e+02, 1.3963610977474024e+01,
          3.9084569194928495e+03 ]
   - !!opencv-matrix
      rows: 3
      cols: 1
      dt: d
      data: [ -2.6062415428175024e+02, -1.6769423676087932e+01,
          3.9175030020239860e+03 ]
   - !!opencv-matrix
      rows: 3
      cols: 1
      dt: d
      data: [ -3.2280004576271455e+02, -9.4831580729039699e-01,
          3.9192053059848777e+03 ]
   - !!opencv-matrix
      rows: 3
      cols: 1
      dt: d
      data: [ 1.7647569538095934e+02, -3.1655368762194055e+01,
          3.8998861716607230e+03 ]
   - !!opencv-matrix
      rows: 3
      cols: 1
      dt: d
      data: [ 2.2784366295332404e+02, -8.2743711068330565e+00,
          3.8986180103198503e+03 ]
   - !!opencv-matrix
      rows: 3
      cols: 1
      dt: d
      data: [ 3.5493281790278968e+02, -3.5641463560074044e+01,
          3.8362476664447031e+03 ]
   - !!opencv-matrix
      rows: 3
      cols: 1
      dt: d
      data: [ 1.3452295775412466e+02, 1.7290897546800664e+02,
          3.8941057763948756e+03 ]
   - !!opencv-matrix
      rows: 3
      cols: 1
      dt: d
      data: [ -1.0215261261825574e+02, 6.7405207593428599e+01,
          3.9080967167933190e+03 ]
   - !!opencv-matrix
      rows: 3
      cols: 1
      dt: d
      data: [ -2.4416304437260726e+02, 3.6162106823385940e+01,
          3.9075282552209410e+03 ]
   - !!opencv-matrix
      rows: 3
      cols: 1
      dt: d
      data: [ -3.6715161209533289e+02, 5.0448588012500402e+01,
          3.9183203573465653e+03 ]
   - !!opencv-matrix
      rows: 3
      cols: 1
      dt: d
      data: [ 3.3386733437194584e+02, -3.2367594270789363e+02,
          3.8361267387760936e+03 ]
   - !!opencv-matrix
      rows: 3
      cols: 1
      dt: d
      data: [ 2.8677456370252468e+01, -3.3259348820881149e+02,
          3.8990037601963022e+03 ]
   - !!opencv-matrix
      rows: 3
      cols: 1
      dt: d
      data: [ -7.9688540523167219e+01, -3.1976683171298464e+02,
          3.9026643698681778e+03 ]
   - !!opencv-matrix
      rows: 3
      cols: 1
      dt: d
      data: [ -2.2084765403158457e+02, -2.7883874600450599e+02,
          3.9093554196031464e+03 ]
   - !!opencv-matrix
      rows: 3
      cols: 1
      dt: d
      data: [ -3.5426985654805469e+02, -2.5621369115113913e+02,
          3.9065553559668583e+03 ]
   - !!opencv-matrix
      rows: 3
      cols: 1
      dt: d
      data: [ -3.9042007732467187e+02, -2.7265337398497843e+02,
          3.8979725246844782e+03 ]
   - !!opencv-matrix
      rows: 3
      cols: 1
      dt: d
      data: [ -3.8949850867664327e+02, -3.0428269367840461e+01,
          3.8864667738448416e+03 ]
   - !!opencv-matrix
      rows: 3
      cols: 1
      dt: d
      data: [ -2.0935592798928795e+02, -1.8430684233770586e+02,
          3.9037252564403752e+03 ]
   - !!opencv-matrix
      rows: 3
      cols: 1
      dt: d
      data: [ 1.5423543499826829e+02, 6.6743436012115041e+01,
          3.9014626770716982e+03 ]
   - !!opencv-matrix
      rows: 3
      cols: 1
      dt: d
      data: [ 2.6190804564478822e+02, 1.1075759627541987e+02,
          3.9110015257200002e+03 ]
   - !!opencv-matrix
      rows: 3
      cols: 1
      dt: d
      data: [ -3.6860053984943164e+02, 1.1198182931214506e+00,
          3.9076084846851822e+03 ]
